# A look-up-table for the battery-state-of-charge from the battery voltage.
voltage: [16.8, 16.7, 16.6, 16.5, 16.4, 16.3, 16.2, 16.1, 16, 15.9, 15.8, 15.7, 15.6, 15.5, 15.4, 15.3, 15.2, 15.1, 15, 14.9, 14.8, 14.7, 14.6, 14.5, 14.4, 14.3, 14.2, 14.1, 14, 13.9, 13.8, 13.7, 13.6, 13.5, 13.4, 13.3, 13.2, 13.1, 13.0, 12.9, 12.8, 12.7, 12.6, 12.5, 12.4]
soc: [1, 0.98, 0.95, 0.925, 0.9, 0.87, 0.84, 0.81, 0.78, 0.75, 0.72, 0.69, 0.64, 0.59, 0.53, 0.47, 0.39, 0.3, 0.24, 0.19, 0.15, 0.12, 0.09, 0.07, 0.05, 0.04, 0.03, 0.02, 0.015, 0.012, 0.0075, 0.005, 0.0025, 0.0001, 0.00005, 0.000025, 0, 0, 0, 0, 0, 0, 0, 0, 0, ]
